0.05435	0.022901672318999845
0.056713158	0.023869736173074033
0.060023684	0.025219379608605968
0.064435526	0.02700574552498513
0.067236842	0.028132478887144242
0.073209211	0.03051444235957751
0.077482895	0.03220154057187146
0.082006579	0.03397112759655626
0.085571053	0.03535355270132266
0.091860526	0.037766783849335815
0.097223684	0.03979803437835299
0.104368421	0.04246572541462302
0.108905263	0.04413687106528424
0.116910526	0.04704237507898389
0.123735526	0.049476063264903454
0.130957895	0.05200821871156777
0.142592105	0.05599485825317568
0.150915789	0.05877837564647589
0.159726316	0.06166356133786513
0.16905	0.06464981095653079
0.176398684	0.06695606243397899
0.186697368	0.07011955734082896
0.194813158	0.0725575899611074
0.212118421	0.07760044998897943
0.221339474	0.08020412714447678
0.237607895	0.08466294044824013
0.247936842	0.08740815628988016
0.266159211	0.09209711137681353
0.277728947	0.09497672973771093
0.293942105	0.0988913005001159
0.311102632	0.1028888703910915
0.338738158	0.10903295007979312
0.363634211	0.1142814426127383
0.395936842	0.12072331902563169
0.425036842	0.12620276857447274
0.456276316	0.13177582511055458
0.489810526	0.13743503062473467
0.533321053	0.14433038997187403
0.580697368	0.1513287828198015
0.641314474	0.1596095087010628
0.708259211	0.16800075385188926
0.771176316	0.17527142599562143
0.839681579	0.1826069478861486
0.940580263	0.19247978311860364
1.024134211	0.19994896933475648
1.099405263	0.20621400672066661
1.197067105	0.21378048170059769
1.303405263	0.22140094080998052
1.419197368	0.22907823549415596
1.545263158	0.23681488903981712
1.682526316	0.24461666366367382
1.858157895	0.25380978711252106
2.023223684	0.26177599563920023
2.202960526	0.2698310309111656
2.398644737	0.27798306715075966
2.611723684	0.2862434008358002
2.843736842	0.29462246983861856
3.009736842	0.3002793638177204
3.323921053	0.310328944068976
3.619197368	0.31910616362343636
3.940697368	0.3280469216107741
4.29075	0.33716366266224623
4.671907895	0.3464693247091492
5.159592105	0.35758111476938953
5.698184211	0.3689865912973592
6.204368421	0.37901125313929995
6.852026316	0.39101343619669227
7.460710526	0.4015770779860208
8.357210526	0.4160781627966562
9.099592105	0.4272795023546165
9.768394737	0.43683509345919663
10.63614474	0.4485742306945371
11.41786842	0.4585892454275286
12.5	0.4716895973916021