0.05435	0.022177090664959584
0.056713158	0.023114526130904246
0.060023684	0.024421468454514712
0.064435526	0.026151315879476226
0.067236842	0.027242400739122347
0.073209211	0.029549001722359258
0.077482895	0.031182722155241958
0.082006579	0.03289632155267167
0.085571053	0.034235008372519575
0.091860526	0.03657188775929658
0.097223684	0.03853887193921992
0.104368421	0.04112216040625376
0.108905263	0.042740432997566656
0.116910526	0.0455540103224751
0.123735526	0.04791069951082762
0.130957895	0.05036274057299308
0.142592105	0.05422324758450082
0.150915789	0.05691869780048778
0.159726316	0.059712599650620334
0.16905	0.06260436788565905
0.176398684	0.06483765231131795
0.186697368	0.06790105800458451
0.194813158	0.07026195417456366
0.212118421	0.07514526411328969
0.221339474	0.0776665640225476
0.237607895	0.08198430578036899
0.247936842	0.08464266626020285
0.266159211	0.08918326838909517
0.277728947	0.09197177905244627
0.293942105	0.095762497455147
0.311102632	0.09963358899277802
0.338738158	0.10558327731296367
0.363634211	0.1106657137890512
0.395936842	0.11690377689952015
0.425036842	0.12220986318641133
0.456276316	0.1276065948468803
0.489810526	0.13308674983431715
0.533321053	0.13976394821873905
0.580697368	0.14654092024661716
0.641314474	0.1545596538169187
0.708259211	0.1626854099586391
0.771176316	0.16972604668947613
0.839681579	0.17682948139830534
0.940580263	0.1863899518748965
1.024134211	0.19362282192917915
1.099405263	0.19968964098900047
1.197067105	0.2070167217063709
1.303405263	0.21439607855959042
1.419197368	0.22183047277766327
1.545263158	0.22932234781349478
1.682526316	0.23687728357411644
1.858157895	0.24577954753892348
2.023223684	0.2534937147093956
2.202960526	0.2612938982526568
2.398644737	0.26918801376838386
2.611723684	0.2771870003272817
2.843736842	0.2853009655598247
3.009736842	0.2907788821464019
3.323921053	0.300510505639765
3.619197368	0.3090100244143846
3.940697368	0.31766790746051266
4.29075	0.32649620567608534
4.671907895	0.3355074476516518
5.159592105	0.3462676738999116
5.698184211	0.3573122947256146
6.204368421	0.3670197881984751
6.852026316	0.3786422364692246
7.460710526	0.3888716572054447
8.357210526	0.4029139449522189
9.099592105	0.4137608874586748
9.768394737	0.42301415103400525
10.63614474	0.434381875939429
11.41786842	0.44408002752638515
12.5	0.45676589994667605