0.05435	0.022401730926800013
0.056713158	0.02334866203632163
0.060023684	0.024668842880269215
0.064435526	0.026416212593629963
0.067236842	0.02751834947052505
0.073209211	0.029848314900283092
0.077482895	0.031498583914373365
0.082006579	0.033229541017696235
0.085571053	0.03458178791006565
0.091860526	0.03694233844493263
0.097223684	0.03892924696244783
0.104368421	0.04153870254970546
0.108905263	0.04317336724511053
0.116910526	0.046015444374457905
0.123735526	0.0483960053719826
0.130957895	0.05087288409904153
0.142592105	0.05477249566754475
0.150915789	0.057495249133152904
0.159726316	0.06031745148728989
0.16905	0.06323851155250214
0.176398684	0.06549441777313511
0.186697368	0.06858885387825575
0.194813158	0.0709736644715384
0.212118421	0.07590643933061202
0.221339474	0.07845327845420379
0.237607895	0.08281475627523066
0.247936842	0.08550004430851497
0.266159211	0.09008663993883438
0.277728947	0.09290339649679012
0.293942105	0.09673251254088625
0.311102632	0.10064281585023967
0.338738158	0.10665277084662317
0.363634211	0.11178668927217035
0.395936842	0.11808794011775224
0.425036842	0.12344777378886268
0.456276316	0.1288991710153252
0.489810526	0.13443483659564828
0.533321053	0.1411796708848919
0.580697368	0.14802528946311455
0.641314474	0.15612524786295187
0.708259211	0.16433331290690403
0.771176316	0.17144526694904366
0.839681579	0.17862065507399338
0.940580263	0.1882779672248882
1.024134211	0.19558410179557648
1.099405263	0.20171237399380654
1.197067105	0.2091136735235425
1.303405263	0.21656777871416863
1.419197368	0.22407747876423734
1.545263158	0.23164524187732619
1.682526316	0.23927670448148622
1.858157895	0.24826914289425123
2.023223684	0.2560614498243174
2.202960526	0.2639406444200216
2.398644737	0.27191472246118725
2.611723684	0.27999473382456447
2.843736842	0.2881908885246954
3.009736842	0.29372429303053754
3.323921053	0.30355449187279143
3.619197368	0.31214010553478344
3.940697368	0.32088568760076264
4.29075	0.32980341103683486
4.671907895	0.3389059313404508
5.159592105	0.3497751520496337
5.698184211	0.3609316480780717
6.204368421	0.3707374724775854
6.852026316	0.382477648987003
7.460710526	0.3928106874514173
8.357210526	0.4069952149195296
9.099592105	0.41795203026916544
9.768394737	0.42729902370220557
10.63614474	0.4387818966555795
11.41786842	0.44857828454164156
12.5	0.461392657031902